{
 "cells": [
  {
   "cell_type": "code",
   "execution_count": 9,
   "metadata": {},
   "outputs": [],
   "source": [
    "import numpy as np\n",
    "import pandas as pd\n",
    "\n",
    "import matplotlib.pyplot as plt\n",
    "import seaborn as sns\n",
    "import plotly\n",
    "import plotly.express as px\n",
    "import plotly.graph_objects as go\n",
    "sns.set()"
   ]
  },
  {
   "cell_type": "code",
   "execution_count": 10,
   "metadata": {},
   "outputs": [],
   "source": [
    "soggetto = \"soggetto_1\""
   ]
  },
  {
   "cell_type": "code",
   "execution_count": 11,
   "metadata": {},
   "outputs": [],
   "source": [
    "# read soggetto_n_input.csv\n",
    "df_input = pd.read_csv(\"Datasets/\" + soggetto + '_input.csv', sep=',')\n",
    "# remove SIGMA and bit_type columns\n",
    "df_input = df_input.drop(['SIGMA', 'bit_type'], axis=1)\n",
    "#df_input"
   ]
  },
  {
   "cell_type": "code",
   "execution_count": 12,
   "metadata": {},
   "outputs": [],
   "source": [
    "# read soggetto_n_targets.csv\n",
    "df_target = pd.read_csv(\"Datasets/\" + soggetto + '_targets.csv', sep=',')\n",
    "#df_target"
   ]
  },
  {
   "cell_type": "code",
   "execution_count": 13,
   "metadata": {},
   "outputs": [
    {
     "data": {
      "text/html": [
       "<div>\n",
       "<style scoped>\n",
       "    .dataframe tbody tr th:only-of-type {\n",
       "        vertical-align: middle;\n",
       "    }\n",
       "\n",
       "    .dataframe tbody tr th {\n",
       "        vertical-align: top;\n",
       "    }\n",
       "\n",
       "    .dataframe thead th {\n",
       "        text-align: right;\n",
       "    }\n",
       "</style>\n",
       "<table border=\"1\" class=\"dataframe\">\n",
       "  <thead>\n",
       "    <tr style=\"text-align: right;\">\n",
       "      <th></th>\n",
       "      <th>bit</th>\n",
       "      <th>TrRi</th>\n",
       "      <th>RiTr</th>\n",
       "      <th>Plu</th>\n",
       "      <th>Ttra</th>\n",
       "      <th>Ttrb</th>\n",
       "      <th>Tr</th>\n",
       "      <th>MeTr</th>\n",
       "      <th>MoTr</th>\n",
       "      <th>RiRi</th>\n",
       "      <th>...</th>\n",
       "      <th>Tr</th>\n",
       "      <th>MeTr</th>\n",
       "      <th>MoTr</th>\n",
       "      <th>RiRi</th>\n",
       "      <th>MoFo</th>\n",
       "      <th>Mmof</th>\n",
       "      <th>MoRi</th>\n",
       "      <th>MeRi</th>\n",
       "      <th>Ri</th>\n",
       "      <th>Comp</th>\n",
       "    </tr>\n",
       "  </thead>\n",
       "  <tbody>\n",
       "    <tr>\n",
       "      <th>0</th>\n",
       "      <td>0.934579</td>\n",
       "      <td>0.01</td>\n",
       "      <td>0.01</td>\n",
       "      <td>0.01</td>\n",
       "      <td>0</td>\n",
       "      <td>0.51</td>\n",
       "      <td>0.01</td>\n",
       "      <td>0.41</td>\n",
       "      <td>0</td>\n",
       "      <td>0</td>\n",
       "      <td>...</td>\n",
       "      <td>0.1129</td>\n",
       "      <td>0.4289</td>\n",
       "      <td>0.105</td>\n",
       "      <td>0.105</td>\n",
       "      <td>0.105</td>\n",
       "      <td>0.105</td>\n",
       "      <td>0.105</td>\n",
       "      <td>0.5000</td>\n",
       "      <td>0.1129</td>\n",
       "      <td>0.6975</td>\n",
       "    </tr>\n",
       "    <tr>\n",
       "      <th>1</th>\n",
       "      <td>0.065421</td>\n",
       "      <td>0.01</td>\n",
       "      <td>0.01</td>\n",
       "      <td>0.01</td>\n",
       "      <td>0</td>\n",
       "      <td>0.51</td>\n",
       "      <td>0.01</td>\n",
       "      <td>0.41</td>\n",
       "      <td>0</td>\n",
       "      <td>0</td>\n",
       "      <td>...</td>\n",
       "      <td>0.0100</td>\n",
       "      <td>0.4100</td>\n",
       "      <td>0.000</td>\n",
       "      <td>0.000</td>\n",
       "      <td>0.000</td>\n",
       "      <td>0.000</td>\n",
       "      <td>0.000</td>\n",
       "      <td>0.5000</td>\n",
       "      <td>0.0100</td>\n",
       "      <td>0.7500</td>\n",
       "    </tr>\n",
       "    <tr>\n",
       "      <th>2</th>\n",
       "      <td>0.949367</td>\n",
       "      <td>0.01</td>\n",
       "      <td>0.01</td>\n",
       "      <td>0.01</td>\n",
       "      <td>0</td>\n",
       "      <td>0.53</td>\n",
       "      <td>0.01</td>\n",
       "      <td>0.54</td>\n",
       "      <td>0</td>\n",
       "      <td>0</td>\n",
       "      <td>...</td>\n",
       "      <td>0.0884</td>\n",
       "      <td>0.5336</td>\n",
       "      <td>0.080</td>\n",
       "      <td>0.080</td>\n",
       "      <td>0.080</td>\n",
       "      <td>0.080</td>\n",
       "      <td>0.080</td>\n",
       "      <td>0.5336</td>\n",
       "      <td>0.0884</td>\n",
       "      <td>0.7436</td>\n",
       "    </tr>\n",
       "    <tr>\n",
       "      <th>3</th>\n",
       "      <td>0.050633</td>\n",
       "      <td>0.01</td>\n",
       "      <td>0.01</td>\n",
       "      <td>0.01</td>\n",
       "      <td>0</td>\n",
       "      <td>0.53</td>\n",
       "      <td>0.01</td>\n",
       "      <td>0.54</td>\n",
       "      <td>0</td>\n",
       "      <td>0</td>\n",
       "      <td>...</td>\n",
       "      <td>0.0100</td>\n",
       "      <td>0.5400</td>\n",
       "      <td>0.000</td>\n",
       "      <td>0.000</td>\n",
       "      <td>0.000</td>\n",
       "      <td>0.000</td>\n",
       "      <td>0.000</td>\n",
       "      <td>0.5400</td>\n",
       "      <td>0.0100</td>\n",
       "      <td>0.7900</td>\n",
       "    </tr>\n",
       "    <tr>\n",
       "      <th>4</th>\n",
       "      <td>0.955414</td>\n",
       "      <td>0.01</td>\n",
       "      <td>0.01</td>\n",
       "      <td>0.01</td>\n",
       "      <td>0</td>\n",
       "      <td>0.56</td>\n",
       "      <td>0.01</td>\n",
       "      <td>0.54</td>\n",
       "      <td>0</td>\n",
       "      <td>0</td>\n",
       "      <td>...</td>\n",
       "      <td>0.0786</td>\n",
       "      <td>0.5344</td>\n",
       "      <td>0.070</td>\n",
       "      <td>0.070</td>\n",
       "      <td>0.070</td>\n",
       "      <td>0.070</td>\n",
       "      <td>0.070</td>\n",
       "      <td>0.5430</td>\n",
       "      <td>0.0786</td>\n",
       "      <td>0.7580</td>\n",
       "    </tr>\n",
       "    <tr>\n",
       "      <th>5</th>\n",
       "      <td>0.044586</td>\n",
       "      <td>0.01</td>\n",
       "      <td>0.01</td>\n",
       "      <td>0.01</td>\n",
       "      <td>0</td>\n",
       "      <td>0.56</td>\n",
       "      <td>0.01</td>\n",
       "      <td>0.54</td>\n",
       "      <td>0</td>\n",
       "      <td>0</td>\n",
       "      <td>...</td>\n",
       "      <td>0.0100</td>\n",
       "      <td>0.5400</td>\n",
       "      <td>0.000</td>\n",
       "      <td>0.000</td>\n",
       "      <td>0.000</td>\n",
       "      <td>0.000</td>\n",
       "      <td>0.000</td>\n",
       "      <td>0.5500</td>\n",
       "      <td>0.0100</td>\n",
       "      <td>0.8000</td>\n",
       "    </tr>\n",
       "    <tr>\n",
       "      <th>6</th>\n",
       "      <td>0.937500</td>\n",
       "      <td>0.01</td>\n",
       "      <td>0.01</td>\n",
       "      <td>0.01</td>\n",
       "      <td>0</td>\n",
       "      <td>0.52</td>\n",
       "      <td>0.01</td>\n",
       "      <td>0.41</td>\n",
       "      <td>0</td>\n",
       "      <td>0</td>\n",
       "      <td>...</td>\n",
       "      <td>0.1080</td>\n",
       "      <td>0.4280</td>\n",
       "      <td>0.100</td>\n",
       "      <td>0.100</td>\n",
       "      <td>0.100</td>\n",
       "      <td>0.100</td>\n",
       "      <td>0.100</td>\n",
       "      <td>0.5240</td>\n",
       "      <td>0.1080</td>\n",
       "      <td>0.7080</td>\n",
       "    </tr>\n",
       "    <tr>\n",
       "      <th>7</th>\n",
       "      <td>0.062500</td>\n",
       "      <td>0.01</td>\n",
       "      <td>0.01</td>\n",
       "      <td>0.01</td>\n",
       "      <td>0</td>\n",
       "      <td>0.52</td>\n",
       "      <td>0.01</td>\n",
       "      <td>0.41</td>\n",
       "      <td>0</td>\n",
       "      <td>0</td>\n",
       "      <td>...</td>\n",
       "      <td>0.0100</td>\n",
       "      <td>0.4100</td>\n",
       "      <td>0.000</td>\n",
       "      <td>0.000</td>\n",
       "      <td>0.000</td>\n",
       "      <td>0.000</td>\n",
       "      <td>0.000</td>\n",
       "      <td>0.5300</td>\n",
       "      <td>0.0100</td>\n",
       "      <td>0.7600</td>\n",
       "    </tr>\n",
       "    <tr>\n",
       "      <th>8</th>\n",
       "      <td>0.917431</td>\n",
       "      <td>0.01</td>\n",
       "      <td>0.01</td>\n",
       "      <td>0.01</td>\n",
       "      <td>0</td>\n",
       "      <td>0.25</td>\n",
       "      <td>0.01</td>\n",
       "      <td>0.54</td>\n",
       "      <td>0</td>\n",
       "      <td>0</td>\n",
       "      <td>...</td>\n",
       "      <td>0.1423</td>\n",
       "      <td>0.5292</td>\n",
       "      <td>0.135</td>\n",
       "      <td>0.135</td>\n",
       "      <td>0.135</td>\n",
       "      <td>0.135</td>\n",
       "      <td>0.135</td>\n",
       "      <td>0.3102</td>\n",
       "      <td>0.1423</td>\n",
       "      <td>0.6387</td>\n",
       "    </tr>\n",
       "    <tr>\n",
       "      <th>9</th>\n",
       "      <td>0.082569</td>\n",
       "      <td>0.01</td>\n",
       "      <td>0.01</td>\n",
       "      <td>0.01</td>\n",
       "      <td>0</td>\n",
       "      <td>0.25</td>\n",
       "      <td>0.01</td>\n",
       "      <td>0.54</td>\n",
       "      <td>0</td>\n",
       "      <td>0</td>\n",
       "      <td>...</td>\n",
       "      <td>0.0100</td>\n",
       "      <td>0.5400</td>\n",
       "      <td>0.000</td>\n",
       "      <td>0.000</td>\n",
       "      <td>0.000</td>\n",
       "      <td>0.000</td>\n",
       "      <td>0.000</td>\n",
       "      <td>0.2400</td>\n",
       "      <td>0.0100</td>\n",
       "      <td>0.6900</td>\n",
       "    </tr>\n",
       "    <tr>\n",
       "      <th>10</th>\n",
       "      <td>0.923077</td>\n",
       "      <td>0.01</td>\n",
       "      <td>0.01</td>\n",
       "      <td>0.01</td>\n",
       "      <td>0</td>\n",
       "      <td>0.40</td>\n",
       "      <td>0.01</td>\n",
       "      <td>0.01</td>\n",
       "      <td>0</td>\n",
       "      <td>0</td>\n",
       "      <td>...</td>\n",
       "      <td>0.1325</td>\n",
       "      <td>0.1325</td>\n",
       "      <td>0.125</td>\n",
       "      <td>0.125</td>\n",
       "      <td>0.125</td>\n",
       "      <td>0.125</td>\n",
       "      <td>0.125</td>\n",
       "      <td>0.4325</td>\n",
       "      <td>0.1325</td>\n",
       "      <td>0.6575</td>\n",
       "    </tr>\n",
       "    <tr>\n",
       "      <th>11</th>\n",
       "      <td>0.076923</td>\n",
       "      <td>0.01</td>\n",
       "      <td>0.01</td>\n",
       "      <td>0.01</td>\n",
       "      <td>0</td>\n",
       "      <td>0.40</td>\n",
       "      <td>0.01</td>\n",
       "      <td>0.01</td>\n",
       "      <td>0</td>\n",
       "      <td>0</td>\n",
       "      <td>...</td>\n",
       "      <td>0.0100</td>\n",
       "      <td>0.0100</td>\n",
       "      <td>0.000</td>\n",
       "      <td>0.000</td>\n",
       "      <td>0.000</td>\n",
       "      <td>0.000</td>\n",
       "      <td>0.000</td>\n",
       "      <td>0.4100</td>\n",
       "      <td>0.0100</td>\n",
       "      <td>0.7100</td>\n",
       "    </tr>\n",
       "    <tr>\n",
       "      <th>12</th>\n",
       "      <td>0.937500</td>\n",
       "      <td>0.01</td>\n",
       "      <td>0.01</td>\n",
       "      <td>0.01</td>\n",
       "      <td>0</td>\n",
       "      <td>0.53</td>\n",
       "      <td>0.01</td>\n",
       "      <td>0.24</td>\n",
       "      <td>0</td>\n",
       "      <td>0</td>\n",
       "      <td>...</td>\n",
       "      <td>0.1080</td>\n",
       "      <td>0.2920</td>\n",
       "      <td>0.100</td>\n",
       "      <td>0.100</td>\n",
       "      <td>0.100</td>\n",
       "      <td>0.100</td>\n",
       "      <td>0.100</td>\n",
       "      <td>0.5320</td>\n",
       "      <td>0.1080</td>\n",
       "      <td>0.7080</td>\n",
       "    </tr>\n",
       "    <tr>\n",
       "      <th>13</th>\n",
       "      <td>0.062500</td>\n",
       "      <td>0.01</td>\n",
       "      <td>0.01</td>\n",
       "      <td>0.01</td>\n",
       "      <td>0</td>\n",
       "      <td>0.53</td>\n",
       "      <td>0.01</td>\n",
       "      <td>0.24</td>\n",
       "      <td>0</td>\n",
       "      <td>0</td>\n",
       "      <td>...</td>\n",
       "      <td>0.0100</td>\n",
       "      <td>0.2400</td>\n",
       "      <td>0.000</td>\n",
       "      <td>0.000</td>\n",
       "      <td>0.000</td>\n",
       "      <td>0.000</td>\n",
       "      <td>0.000</td>\n",
       "      <td>0.5400</td>\n",
       "      <td>0.0100</td>\n",
       "      <td>0.7600</td>\n",
       "    </tr>\n",
       "    <tr>\n",
       "      <th>14</th>\n",
       "      <td>0.917431</td>\n",
       "      <td>0.01</td>\n",
       "      <td>0.01</td>\n",
       "      <td>0.01</td>\n",
       "      <td>0</td>\n",
       "      <td>0.40</td>\n",
       "      <td>0.01</td>\n",
       "      <td>0.40</td>\n",
       "      <td>0</td>\n",
       "      <td>0</td>\n",
       "      <td>...</td>\n",
       "      <td>0.1423</td>\n",
       "      <td>0.4270</td>\n",
       "      <td>0.135</td>\n",
       "      <td>0.135</td>\n",
       "      <td>0.135</td>\n",
       "      <td>0.135</td>\n",
       "      <td>0.135</td>\n",
       "      <td>0.4343</td>\n",
       "      <td>0.1423</td>\n",
       "      <td>0.6387</td>\n",
       "    </tr>\n",
       "    <tr>\n",
       "      <th>15</th>\n",
       "      <td>0.082569</td>\n",
       "      <td>0.01</td>\n",
       "      <td>0.01</td>\n",
       "      <td>0.01</td>\n",
       "      <td>0</td>\n",
       "      <td>0.40</td>\n",
       "      <td>0.01</td>\n",
       "      <td>0.40</td>\n",
       "      <td>0</td>\n",
       "      <td>0</td>\n",
       "      <td>...</td>\n",
       "      <td>0.0100</td>\n",
       "      <td>0.4000</td>\n",
       "      <td>0.000</td>\n",
       "      <td>0.000</td>\n",
       "      <td>0.000</td>\n",
       "      <td>0.000</td>\n",
       "      <td>0.000</td>\n",
       "      <td>0.4100</td>\n",
       "      <td>0.0100</td>\n",
       "      <td>0.6900</td>\n",
       "    </tr>\n",
       "    <tr>\n",
       "      <th>16</th>\n",
       "      <td>0.955414</td>\n",
       "      <td>0.01</td>\n",
       "      <td>0.01</td>\n",
       "      <td>0.01</td>\n",
       "      <td>0</td>\n",
       "      <td>0.56</td>\n",
       "      <td>0.01</td>\n",
       "      <td>0.54</td>\n",
       "      <td>0</td>\n",
       "      <td>0</td>\n",
       "      <td>...</td>\n",
       "      <td>0.0786</td>\n",
       "      <td>0.5344</td>\n",
       "      <td>0.070</td>\n",
       "      <td>0.070</td>\n",
       "      <td>0.070</td>\n",
       "      <td>0.070</td>\n",
       "      <td>0.070</td>\n",
       "      <td>0.5430</td>\n",
       "      <td>0.0786</td>\n",
       "      <td>0.7580</td>\n",
       "    </tr>\n",
       "    <tr>\n",
       "      <th>17</th>\n",
       "      <td>0.044586</td>\n",
       "      <td>0.01</td>\n",
       "      <td>0.01</td>\n",
       "      <td>0.01</td>\n",
       "      <td>0</td>\n",
       "      <td>0.56</td>\n",
       "      <td>0.01</td>\n",
       "      <td>0.54</td>\n",
       "      <td>0</td>\n",
       "      <td>0</td>\n",
       "      <td>...</td>\n",
       "      <td>0.0100</td>\n",
       "      <td>0.5400</td>\n",
       "      <td>0.000</td>\n",
       "      <td>0.000</td>\n",
       "      <td>0.000</td>\n",
       "      <td>0.000</td>\n",
       "      <td>0.000</td>\n",
       "      <td>0.5500</td>\n",
       "      <td>0.0100</td>\n",
       "      <td>0.8000</td>\n",
       "    </tr>\n",
       "  </tbody>\n",
       "</table>\n",
       "<p>18 rows × 31 columns</p>\n",
       "</div>"
      ],
      "text/plain": [
       "         bit  TrRi  RiTr   Plu  Ttra  Ttrb    Tr  MeTr  MoTr  RiRi  ...  \\\n",
       "0   0.934579  0.01  0.01  0.01     0  0.51  0.01  0.41     0     0  ...   \n",
       "1   0.065421  0.01  0.01  0.01     0  0.51  0.01  0.41     0     0  ...   \n",
       "2   0.949367  0.01  0.01  0.01     0  0.53  0.01  0.54     0     0  ...   \n",
       "3   0.050633  0.01  0.01  0.01     0  0.53  0.01  0.54     0     0  ...   \n",
       "4   0.955414  0.01  0.01  0.01     0  0.56  0.01  0.54     0     0  ...   \n",
       "5   0.044586  0.01  0.01  0.01     0  0.56  0.01  0.54     0     0  ...   \n",
       "6   0.937500  0.01  0.01  0.01     0  0.52  0.01  0.41     0     0  ...   \n",
       "7   0.062500  0.01  0.01  0.01     0  0.52  0.01  0.41     0     0  ...   \n",
       "8   0.917431  0.01  0.01  0.01     0  0.25  0.01  0.54     0     0  ...   \n",
       "9   0.082569  0.01  0.01  0.01     0  0.25  0.01  0.54     0     0  ...   \n",
       "10  0.923077  0.01  0.01  0.01     0  0.40  0.01  0.01     0     0  ...   \n",
       "11  0.076923  0.01  0.01  0.01     0  0.40  0.01  0.01     0     0  ...   \n",
       "12  0.937500  0.01  0.01  0.01     0  0.53  0.01  0.24     0     0  ...   \n",
       "13  0.062500  0.01  0.01  0.01     0  0.53  0.01  0.24     0     0  ...   \n",
       "14  0.917431  0.01  0.01  0.01     0  0.40  0.01  0.40     0     0  ...   \n",
       "15  0.082569  0.01  0.01  0.01     0  0.40  0.01  0.40     0     0  ...   \n",
       "16  0.955414  0.01  0.01  0.01     0  0.56  0.01  0.54     0     0  ...   \n",
       "17  0.044586  0.01  0.01  0.01     0  0.56  0.01  0.54     0     0  ...   \n",
       "\n",
       "        Tr    MeTr   MoTr   RiRi   MoFo   Mmof   MoRi    MeRi      Ri    Comp  \n",
       "0   0.1129  0.4289  0.105  0.105  0.105  0.105  0.105  0.5000  0.1129  0.6975  \n",
       "1   0.0100  0.4100  0.000  0.000  0.000  0.000  0.000  0.5000  0.0100  0.7500  \n",
       "2   0.0884  0.5336  0.080  0.080  0.080  0.080  0.080  0.5336  0.0884  0.7436  \n",
       "3   0.0100  0.5400  0.000  0.000  0.000  0.000  0.000  0.5400  0.0100  0.7900  \n",
       "4   0.0786  0.5344  0.070  0.070  0.070  0.070  0.070  0.5430  0.0786  0.7580  \n",
       "5   0.0100  0.5400  0.000  0.000  0.000  0.000  0.000  0.5500  0.0100  0.8000  \n",
       "6   0.1080  0.4280  0.100  0.100  0.100  0.100  0.100  0.5240  0.1080  0.7080  \n",
       "7   0.0100  0.4100  0.000  0.000  0.000  0.000  0.000  0.5300  0.0100  0.7600  \n",
       "8   0.1423  0.5292  0.135  0.135  0.135  0.135  0.135  0.3102  0.1423  0.6387  \n",
       "9   0.0100  0.5400  0.000  0.000  0.000  0.000  0.000  0.2400  0.0100  0.6900  \n",
       "10  0.1325  0.1325  0.125  0.125  0.125  0.125  0.125  0.4325  0.1325  0.6575  \n",
       "11  0.0100  0.0100  0.000  0.000  0.000  0.000  0.000  0.4100  0.0100  0.7100  \n",
       "12  0.1080  0.2920  0.100  0.100  0.100  0.100  0.100  0.5320  0.1080  0.7080  \n",
       "13  0.0100  0.2400  0.000  0.000  0.000  0.000  0.000  0.5400  0.0100  0.7600  \n",
       "14  0.1423  0.4270  0.135  0.135  0.135  0.135  0.135  0.4343  0.1423  0.6387  \n",
       "15  0.0100  0.4000  0.000  0.000  0.000  0.000  0.000  0.4100  0.0100  0.6900  \n",
       "16  0.0786  0.5344  0.070  0.070  0.070  0.070  0.070  0.5430  0.0786  0.7580  \n",
       "17  0.0100  0.5400  0.000  0.000  0.000  0.000  0.000  0.5500  0.0100  0.8000  \n",
       "\n",
       "[18 rows x 31 columns]"
      ]
     },
     "execution_count": 13,
     "metadata": {},
     "output_type": "execute_result"
    }
   ],
   "source": [
    "# concat the two dataframe on columns\n",
    "df = pd.concat([df_input, df_target], axis=1)\n",
    "df"
   ]
  },
  {
   "cell_type": "code",
   "execution_count": 14,
   "metadata": {},
   "outputs": [
    {
     "data": {
      "text/plain": [
       "array([[0.        , 0.9368282 , 0.20490357, 0.97156646, 0.23794058,\n",
       "        0.98165384, 0.04616546, 0.94128873, 0.50150732, 1.07108638,\n",
       "        0.53584954, 1.10988394, 0.22674578, 0.97585474, 0.21963199,\n",
       "        0.94315854, 0.23794058, 0.98165384],\n",
       "       [0.9368282 , 0.        , 0.94216357, 0.20302383, 0.94262244,\n",
       "        0.22188754, 0.9339928 , 0.046995  , 1.08543318, 0.55829568,\n",
       "        1.0878876 , 0.60310224, 0.95731424, 0.24901512, 0.98517549,\n",
       "        0.21930358, 0.94262244, 0.22188754],\n",
       "       [0.20490357, 0.94216357, 0.        , 0.93761071, 0.05665761,\n",
       "        0.94528491, 0.18723554, 0.94300157, 0.56228656, 1.07875946,\n",
       "        0.72953471, 1.20732319, 0.3937049 , 1.01641525, 0.37278312,\n",
       "        0.96723626, 0.05665761, 0.94528491],\n",
       "       [0.97156646, 0.20302383, 0.93761071, 0.        , 0.93498105,\n",
       "        0.04729234, 0.96554297, 0.19010741, 1.11695046, 0.59818049,\n",
       "        1.20715929, 0.80180495, 1.02653847, 0.42654522, 1.03394772,\n",
       "        0.35751909, 0.93498105, 0.04729234],\n",
       "       [0.23794058, 0.94262244, 0.05665761, 0.93498105, 0.        ,\n",
       "        0.9404533 , 0.21445753, 0.94200433, 0.61207787, 1.09841498,\n",
       "        0.75351404, 1.21525596, 0.40593501, 1.01487741, 0.42081973,\n",
       "        0.9772653 , 0.        , 0.9404533 ],\n",
       "       [0.98165384, 0.22188754, 0.94528491, 0.04729234, 0.9404533 ,\n",
       "        0.        , 0.97438978, 0.20327546, 1.14257158, 0.64034576,\n",
       "        1.22193344, 0.81819661, 1.03416799, 0.43072139, 1.0514216 ,\n",
       "        0.3940085 , 0.9404533 , 0.        ],\n",
       "       [0.04616546, 0.9339928 , 0.18723554, 0.96554297, 0.21445753,\n",
       "        0.97438978, 0.        , 0.93633594, 0.54091758, 1.08720161,\n",
       "        0.55207158, 1.11404337, 0.21845823, 0.97017782, 0.26116238,\n",
       "        0.94883473, 0.21445753, 0.97438978],\n",
       "       [0.94128873, 0.046995  , 0.94300157, 0.19010741, 0.94200433,\n",
       "        0.20327546, 0.93633594, 0.        , 1.10671334, 0.59833332,\n",
       "        1.09850701, 0.61871482, 0.95884983, 0.24124676, 0.99718803,\n",
       "        0.26077338, 0.94200433, 0.20327546],\n",
       "       [0.50150732, 1.08543318, 0.56228656, 1.11695046, 0.61207787,\n",
       "        1.14257158, 0.54091758, 1.10671334, 0.        , 0.95188984,\n",
       "        0.71975686, 1.23589602, 0.6556211 , 1.17787453, 0.32990286,\n",
       "        1.00047602, 0.61207787, 1.14257158],\n",
       "       [1.07108638, 0.55829568, 1.07875946, 0.59818049, 1.09841498,\n",
       "        0.64034576, 1.08720161, 0.59833332, 0.95188984, 0.        ,\n",
       "        1.2011365 , 0.81574008, 1.15082377, 0.72594956, 1.02437485,\n",
       "        0.37682887, 1.09841498, 0.64034576],\n",
       "       [0.53584954, 1.0878876 , 0.72953471, 1.20715929, 0.75351404,\n",
       "        1.22193344, 0.55207158, 1.09850701, 0.71975686, 1.2011365 ,\n",
       "        0.        , 0.95060577, 0.37927698, 1.02138026, 0.49061492,\n",
       "        1.04951365, 0.75351404, 1.22193344],\n",
       "       [1.10988394, 0.60310224, 1.20732319, 0.80180495, 1.21525596,\n",
       "        0.81819661, 1.11404337, 0.61871482, 1.23589602, 0.81574008,\n",
       "        0.95060577, 0.        , 1.02352364, 0.42262043, 1.11180597,\n",
       "        0.55229691, 1.21525596, 0.81819661],\n",
       "       [0.22674578, 0.95731424, 0.3937049 , 1.02653847, 0.40593501,\n",
       "        1.03416799, 0.21845823, 0.95884983, 0.6556211 , 1.15082377,\n",
       "        0.37927698, 1.02352364, 0.        , 0.93763159, 0.34629032,\n",
       "        0.97235556, 0.40593501, 1.03416799],\n",
       "       [0.97585474, 0.24901512, 1.01641525, 0.42654522, 1.01487741,\n",
       "        0.43072139, 0.97017782, 0.24124676, 1.17787453, 0.72594956,\n",
       "        1.02138026, 0.42262043, 0.93763159, 0.        , 1.03127977,\n",
       "        0.35916954, 1.01487741, 0.43072139],\n",
       "       [0.21963199, 0.98517549, 0.37278312, 1.03394772, 0.42081973,\n",
       "        1.0514216 , 0.26116238, 0.99718803, 0.32990286, 1.02437485,\n",
       "        0.49061492, 1.11180597, 0.34629032, 1.03127977, 0.        ,\n",
       "        0.94791446, 0.42081973, 1.0514216 ],\n",
       "       [0.94315854, 0.21930358, 0.96723626, 0.35751909, 0.9772653 ,\n",
       "        0.3940085 , 0.94883473, 0.26077338, 1.00047602, 0.37682887,\n",
       "        1.04951365, 0.55229691, 0.97235556, 0.35916954, 0.94791446,\n",
       "        0.        , 0.9772653 , 0.3940085 ],\n",
       "       [0.23794058, 0.94262244, 0.05665761, 0.93498105, 0.        ,\n",
       "        0.9404533 , 0.21445753, 0.94200433, 0.61207787, 1.09841498,\n",
       "        0.75351404, 1.21525596, 0.40593501, 1.01487741, 0.42081973,\n",
       "        0.9772653 , 0.        , 0.9404533 ],\n",
       "       [0.98165384, 0.22188754, 0.94528491, 0.04729234, 0.9404533 ,\n",
       "        0.        , 0.97438978, 0.20327546, 1.14257158, 0.64034576,\n",
       "        1.22193344, 0.81819661, 1.03416799, 0.43072139, 1.0514216 ,\n",
       "        0.3940085 , 0.9404533 , 0.        ]])"
      ]
     },
     "execution_count": 14,
     "metadata": {},
     "output_type": "execute_result"
    }
   ],
   "source": [
    "# calculate shortest path that go through all the points in the dataset (TSP)\n",
    "# considering each row as a point in a 31-dimensional space\n",
    "# and using the euclidean distance as metric\n",
    "from scipy.spatial.distance import pdist, squareform\n",
    "\n",
    "# calculate the euclidean distance between each pair of points\n",
    "distance_matrix = squareform(pdist(df, metric='euclidean'))\n",
    "distance_matrix"
   ]
  },
  {
   "cell_type": "code",
   "execution_count": 15,
   "metadata": {},
   "outputs": [
    {
     "ename": "ModuleNotFoundError",
     "evalue": "No module named 'tsplib95.solvers'",
     "output_type": "error",
     "traceback": [
      "\u001b[0;31m---------------------------------------------------------------------------\u001b[0m",
      "\u001b[0;31mModuleNotFoundError\u001b[0m                       Traceback (most recent call last)",
      "Cell \u001b[0;32mIn[15], line 3\u001b[0m\n\u001b[1;32m      1\u001b[0m \u001b[39m# solve the TSP problem considering the distance matrix using ant colony optimization\u001b[39;00m\n\u001b[1;32m      2\u001b[0m \u001b[39mfrom\u001b[39;00m \u001b[39mtsplib95\u001b[39;00m \u001b[39mimport\u001b[39;00m models, utils\n\u001b[0;32m----> 3\u001b[0m \u001b[39mfrom\u001b[39;00m \u001b[39mtsplib95\u001b[39;00m\u001b[39m.\u001b[39;00m\u001b[39msolvers\u001b[39;00m \u001b[39mimport\u001b[39;00m ant_colony\n\u001b[1;32m      5\u001b[0m \u001b[39m# create a problem instance\u001b[39;00m\n\u001b[1;32m      6\u001b[0m problem \u001b[39m=\u001b[39m models\u001b[39m.\u001b[39mStandardProblem(name\u001b[39m=\u001b[39m\u001b[39m'\u001b[39m\u001b[39mTSP\u001b[39m\u001b[39m'\u001b[39m)\n",
      "\u001b[0;31mModuleNotFoundError\u001b[0m: No module named 'tsplib95.solvers'"
     ]
    }
   ],
   "source": []
  }
 ],
 "metadata": {
  "kernelspec": {
   "display_name": "Python 3",
   "language": "python",
   "name": "python3"
  },
  "language_info": {
   "codemirror_mode": {
    "name": "ipython",
    "version": 3
   },
   "file_extension": ".py",
   "mimetype": "text/x-python",
   "name": "python",
   "nbconvert_exporter": "python",
   "pygments_lexer": "ipython3",
   "version": "3.10.4"
  },
  "orig_nbformat": 4,
  "vscode": {
   "interpreter": {
    "hash": "3ad933181bd8a04b432d3370b9dc3b0662ad032c4dfaa4e4f1596c548f763858"
   }
  }
 },
 "nbformat": 4,
 "nbformat_minor": 2
}
