{
 "cells": [
  {
   "cell_type": "code",
   "execution_count": 155,
   "metadata": {},
   "outputs": [],
   "source": [
    "import numpy as np\n",
    "import pandas as pd\n",
    "\n",
    "import matplotlib.pyplot as plt\n",
    "import seaborn as sns\n",
    "import plotly\n",
    "import plotly.express as px\n",
    "import plotly.graph_objects as go\n",
    "sns.set()"
   ]
  },
  {
   "cell_type": "code",
   "execution_count": 156,
   "metadata": {},
   "outputs": [],
   "source": [
    "soggetto = \"soggetto_7\""
   ]
  },
  {
   "cell_type": "code",
   "execution_count": 157,
   "metadata": {},
   "outputs": [],
   "source": [
    "# read soggetto_n_input.csv\n",
    "df_input = pd.read_csv(\"Datasets/\" + soggetto + '_input.csv', sep=',')\n",
    "# remove SIGMA and bit_type columns\n",
    "df_input = df_input.drop(['SIGMA', 'bit_type'], axis=1)\n",
    "#df_input"
   ]
  },
  {
   "cell_type": "code",
   "execution_count": 158,
   "metadata": {},
   "outputs": [],
   "source": [
    "# read soggetto_n_targets.csv\n",
    "df_target = pd.read_csv(\"Datasets/\" + soggetto + '_targets.csv', sep=',')\n",
    "#df_target"
   ]
  },
  {
   "cell_type": "code",
   "execution_count": 159,
   "metadata": {},
   "outputs": [
    {
     "data": {
      "text/html": [
       "<div>\n",
       "<style scoped>\n",
       "    .dataframe tbody tr th:only-of-type {\n",
       "        vertical-align: middle;\n",
       "    }\n",
       "\n",
       "    .dataframe tbody tr th {\n",
       "        vertical-align: top;\n",
       "    }\n",
       "\n",
       "    .dataframe thead th {\n",
       "        text-align: right;\n",
       "    }\n",
       "</style>\n",
       "<table border=\"1\" class=\"dataframe\">\n",
       "  <thead>\n",
       "    <tr style=\"text-align: right;\">\n",
       "      <th></th>\n",
       "      <th>bit</th>\n",
       "      <th>TrRi</th>\n",
       "      <th>RiTr</th>\n",
       "      <th>Plu</th>\n",
       "      <th>Ttra</th>\n",
       "      <th>Ttrb</th>\n",
       "      <th>Tr</th>\n",
       "      <th>MeTr</th>\n",
       "      <th>MoTr</th>\n",
       "      <th>RiRi</th>\n",
       "      <th>...</th>\n",
       "      <th>Tr</th>\n",
       "      <th>MeTr</th>\n",
       "      <th>MoTr</th>\n",
       "      <th>RiRi</th>\n",
       "      <th>MoFo</th>\n",
       "      <th>Mmof</th>\n",
       "      <th>MoRi</th>\n",
       "      <th>MeRi</th>\n",
       "      <th>Ri</th>\n",
       "      <th>Comp</th>\n",
       "    </tr>\n",
       "  </thead>\n",
       "  <tbody>\n",
       "    <tr>\n",
       "      <th>0</th>\n",
       "      <td>0.568182</td>\n",
       "      <td>1</td>\n",
       "      <td>1</td>\n",
       "      <td>1.00</td>\n",
       "      <td>0.79</td>\n",
       "      <td>0</td>\n",
       "      <td>0.18</td>\n",
       "      <td>1</td>\n",
       "      <td>0.79</td>\n",
       "      <td>0.00</td>\n",
       "      <td>...</td>\n",
       "      <td>0.9096</td>\n",
       "      <td>-0.140</td>\n",
       "      <td>0.1288</td>\n",
       "      <td>1.1400</td>\n",
       "      <td>0.1288</td>\n",
       "      <td>1.140</td>\n",
       "      <td>1.1400</td>\n",
       "      <td>-0.140</td>\n",
       "      <td>-0.1400</td>\n",
       "      <td>0.1928</td>\n",
       "    </tr>\n",
       "    <tr>\n",
       "      <th>1</th>\n",
       "      <td>0.431818</td>\n",
       "      <td>1</td>\n",
       "      <td>1</td>\n",
       "      <td>1.00</td>\n",
       "      <td>0.79</td>\n",
       "      <td>0</td>\n",
       "      <td>0.18</td>\n",
       "      <td>1</td>\n",
       "      <td>0.79</td>\n",
       "      <td>0.00</td>\n",
       "      <td>...</td>\n",
       "      <td>0.1800</td>\n",
       "      <td>1.000</td>\n",
       "      <td>0.7900</td>\n",
       "      <td>0.0000</td>\n",
       "      <td>0.7900</td>\n",
       "      <td>0.000</td>\n",
       "      <td>0.0000</td>\n",
       "      <td>1.000</td>\n",
       "      <td>1.0000</td>\n",
       "      <td>0.7400</td>\n",
       "    </tr>\n",
       "    <tr>\n",
       "      <th>2</th>\n",
       "      <td>0.672646</td>\n",
       "      <td>1</td>\n",
       "      <td>1</td>\n",
       "      <td>0.68</td>\n",
       "      <td>1.00</td>\n",
       "      <td>0</td>\n",
       "      <td>0.01</td>\n",
       "      <td>1</td>\n",
       "      <td>1.00</td>\n",
       "      <td>0.33</td>\n",
       "      <td>...</td>\n",
       "      <td>0.7254</td>\n",
       "      <td>0.270</td>\n",
       "      <td>0.2700</td>\n",
       "      <td>0.5782</td>\n",
       "      <td>0.4264</td>\n",
       "      <td>0.730</td>\n",
       "      <td>0.5782</td>\n",
       "      <td>0.270</td>\n",
       "      <td>0.4172</td>\n",
       "      <td>0.4126</td>\n",
       "    </tr>\n",
       "    <tr>\n",
       "      <th>3</th>\n",
       "      <td>0.327354</td>\n",
       "      <td>1</td>\n",
       "      <td>1</td>\n",
       "      <td>0.68</td>\n",
       "      <td>1.00</td>\n",
       "      <td>0</td>\n",
       "      <td>0.01</td>\n",
       "      <td>1</td>\n",
       "      <td>1.00</td>\n",
       "      <td>0.33</td>\n",
       "      <td>...</td>\n",
       "      <td>0.0100</td>\n",
       "      <td>1.000</td>\n",
       "      <td>1.0000</td>\n",
       "      <td>0.3300</td>\n",
       "      <td>0.6600</td>\n",
       "      <td>0.000</td>\n",
       "      <td>0.3300</td>\n",
       "      <td>1.000</td>\n",
       "      <td>0.6800</td>\n",
       "      <td>0.6900</td>\n",
       "    </tr>\n",
       "    <tr>\n",
       "      <th>4</th>\n",
       "      <td>0.750000</td>\n",
       "      <td>1</td>\n",
       "      <td>1</td>\n",
       "      <td>0.00</td>\n",
       "      <td>1.00</td>\n",
       "      <td>0</td>\n",
       "      <td>0.04</td>\n",
       "      <td>1</td>\n",
       "      <td>1.00</td>\n",
       "      <td>1.00</td>\n",
       "      <td>...</td>\n",
       "      <td>0.5000</td>\n",
       "      <td>0.500</td>\n",
       "      <td>0.5000</td>\n",
       "      <td>0.5000</td>\n",
       "      <td>0.5000</td>\n",
       "      <td>0.500</td>\n",
       "      <td>0.5000</td>\n",
       "      <td>0.500</td>\n",
       "      <td>0.5000</td>\n",
       "      <td>0.5000</td>\n",
       "    </tr>\n",
       "    <tr>\n",
       "      <th>5</th>\n",
       "      <td>0.250000</td>\n",
       "      <td>1</td>\n",
       "      <td>1</td>\n",
       "      <td>0.00</td>\n",
       "      <td>1.00</td>\n",
       "      <td>0</td>\n",
       "      <td>0.04</td>\n",
       "      <td>1</td>\n",
       "      <td>1.00</td>\n",
       "      <td>1.00</td>\n",
       "      <td>...</td>\n",
       "      <td>0.0400</td>\n",
       "      <td>1.000</td>\n",
       "      <td>1.0000</td>\n",
       "      <td>1.0000</td>\n",
       "      <td>0.0400</td>\n",
       "      <td>0.000</td>\n",
       "      <td>1.0000</td>\n",
       "      <td>1.000</td>\n",
       "      <td>0.0000</td>\n",
       "      <td>0.8600</td>\n",
       "    </tr>\n",
       "    <tr>\n",
       "      <th>6</th>\n",
       "      <td>0.626305</td>\n",
       "      <td>1</td>\n",
       "      <td>1</td>\n",
       "      <td>0.20</td>\n",
       "      <td>0.04</td>\n",
       "      <td>0</td>\n",
       "      <td>1.00</td>\n",
       "      <td>1</td>\n",
       "      <td>0.04</td>\n",
       "      <td>0.82</td>\n",
       "      <td>...</td>\n",
       "      <td>0.1050</td>\n",
       "      <td>0.105</td>\n",
       "      <td>0.8634</td>\n",
       "      <td>0.2472</td>\n",
       "      <td>0.3025</td>\n",
       "      <td>0.895</td>\n",
       "      <td>0.2472</td>\n",
       "      <td>0.105</td>\n",
       "      <td>0.7370</td>\n",
       "      <td>0.2946</td>\n",
       "    </tr>\n",
       "    <tr>\n",
       "      <th>7</th>\n",
       "      <td>0.373695</td>\n",
       "      <td>1</td>\n",
       "      <td>1</td>\n",
       "      <td>0.20</td>\n",
       "      <td>0.04</td>\n",
       "      <td>0</td>\n",
       "      <td>1.00</td>\n",
       "      <td>1</td>\n",
       "      <td>0.04</td>\n",
       "      <td>0.82</td>\n",
       "      <td>...</td>\n",
       "      <td>1.0000</td>\n",
       "      <td>1.000</td>\n",
       "      <td>0.0400</td>\n",
       "      <td>0.8200</td>\n",
       "      <td>0.7500</td>\n",
       "      <td>0.000</td>\n",
       "      <td>0.8200</td>\n",
       "      <td>1.000</td>\n",
       "      <td>0.2000</td>\n",
       "      <td>0.7600</td>\n",
       "    </tr>\n",
       "    <tr>\n",
       "      <th>8</th>\n",
       "      <td>0.625000</td>\n",
       "      <td>1</td>\n",
       "      <td>1</td>\n",
       "      <td>0.00</td>\n",
       "      <td>0.14</td>\n",
       "      <td>0</td>\n",
       "      <td>0.90</td>\n",
       "      <td>1</td>\n",
       "      <td>0.14</td>\n",
       "      <td>1.00</td>\n",
       "      <td>...</td>\n",
       "      <td>0.1800</td>\n",
       "      <td>0.100</td>\n",
       "      <td>0.7880</td>\n",
       "      <td>0.1000</td>\n",
       "      <td>0.1800</td>\n",
       "      <td>0.900</td>\n",
       "      <td>0.1000</td>\n",
       "      <td>0.100</td>\n",
       "      <td>0.9000</td>\n",
       "      <td>0.2520</td>\n",
       "    </tr>\n",
       "    <tr>\n",
       "      <th>9</th>\n",
       "      <td>0.375000</td>\n",
       "      <td>1</td>\n",
       "      <td>1</td>\n",
       "      <td>0.00</td>\n",
       "      <td>0.14</td>\n",
       "      <td>0</td>\n",
       "      <td>0.90</td>\n",
       "      <td>1</td>\n",
       "      <td>0.14</td>\n",
       "      <td>1.00</td>\n",
       "      <td>...</td>\n",
       "      <td>0.9000</td>\n",
       "      <td>1.000</td>\n",
       "      <td>0.1400</td>\n",
       "      <td>1.0000</td>\n",
       "      <td>0.9000</td>\n",
       "      <td>0.000</td>\n",
       "      <td>1.0000</td>\n",
       "      <td>1.000</td>\n",
       "      <td>0.0000</td>\n",
       "      <td>0.8100</td>\n",
       "    </tr>\n",
       "    <tr>\n",
       "      <th>10</th>\n",
       "      <td>0.750000</td>\n",
       "      <td>1</td>\n",
       "      <td>1</td>\n",
       "      <td>0.01</td>\n",
       "      <td>1.00</td>\n",
       "      <td>0</td>\n",
       "      <td>0.01</td>\n",
       "      <td>1</td>\n",
       "      <td>1.00</td>\n",
       "      <td>1.00</td>\n",
       "      <td>...</td>\n",
       "      <td>0.5000</td>\n",
       "      <td>0.500</td>\n",
       "      <td>0.5000</td>\n",
       "      <td>0.5000</td>\n",
       "      <td>0.5000</td>\n",
       "      <td>0.500</td>\n",
       "      <td>0.5000</td>\n",
       "      <td>0.500</td>\n",
       "      <td>0.5000</td>\n",
       "      <td>0.5000</td>\n",
       "    </tr>\n",
       "    <tr>\n",
       "      <th>11</th>\n",
       "      <td>0.250000</td>\n",
       "      <td>1</td>\n",
       "      <td>1</td>\n",
       "      <td>0.01</td>\n",
       "      <td>1.00</td>\n",
       "      <td>0</td>\n",
       "      <td>0.01</td>\n",
       "      <td>1</td>\n",
       "      <td>1.00</td>\n",
       "      <td>1.00</td>\n",
       "      <td>...</td>\n",
       "      <td>0.0100</td>\n",
       "      <td>1.000</td>\n",
       "      <td>1.0000</td>\n",
       "      <td>1.0000</td>\n",
       "      <td>0.0100</td>\n",
       "      <td>0.000</td>\n",
       "      <td>1.0000</td>\n",
       "      <td>1.000</td>\n",
       "      <td>0.0100</td>\n",
       "      <td>0.8700</td>\n",
       "    </tr>\n",
       "    <tr>\n",
       "      <th>12</th>\n",
       "      <td>0.717703</td>\n",
       "      <td>1</td>\n",
       "      <td>1</td>\n",
       "      <td>0.42</td>\n",
       "      <td>1.00</td>\n",
       "      <td>0</td>\n",
       "      <td>0.04</td>\n",
       "      <td>1</td>\n",
       "      <td>1.00</td>\n",
       "      <td>0.59</td>\n",
       "      <td>...</td>\n",
       "      <td>0.5828</td>\n",
       "      <td>0.410</td>\n",
       "      <td>0.4100</td>\n",
       "      <td>0.4838</td>\n",
       "      <td>0.5216</td>\n",
       "      <td>0.590</td>\n",
       "      <td>0.4838</td>\n",
       "      <td>0.410</td>\n",
       "      <td>0.5144</td>\n",
       "      <td>0.4658</td>\n",
       "    </tr>\n",
       "    <tr>\n",
       "      <th>13</th>\n",
       "      <td>0.282297</td>\n",
       "      <td>1</td>\n",
       "      <td>1</td>\n",
       "      <td>0.42</td>\n",
       "      <td>1.00</td>\n",
       "      <td>0</td>\n",
       "      <td>0.04</td>\n",
       "      <td>1</td>\n",
       "      <td>1.00</td>\n",
       "      <td>0.59</td>\n",
       "      <td>...</td>\n",
       "      <td>0.0400</td>\n",
       "      <td>1.000</td>\n",
       "      <td>1.0000</td>\n",
       "      <td>0.5900</td>\n",
       "      <td>0.3800</td>\n",
       "      <td>0.000</td>\n",
       "      <td>0.5900</td>\n",
       "      <td>1.000</td>\n",
       "      <td>0.4200</td>\n",
       "      <td>0.6900</td>\n",
       "    </tr>\n",
       "    <tr>\n",
       "      <th>14</th>\n",
       "      <td>0.600000</td>\n",
       "      <td>1</td>\n",
       "      <td>1</td>\n",
       "      <td>1.00</td>\n",
       "      <td>1.00</td>\n",
       "      <td>0</td>\n",
       "      <td>0.01</td>\n",
       "      <td>1</td>\n",
       "      <td>1.00</td>\n",
       "      <td>0.04</td>\n",
       "      <td>...</td>\n",
       "      <td>0.9900</td>\n",
       "      <td>0.000</td>\n",
       "      <td>0.0000</td>\n",
       "      <td>0.9600</td>\n",
       "      <td>0.0000</td>\n",
       "      <td>1.000</td>\n",
       "      <td>0.9600</td>\n",
       "      <td>0.000</td>\n",
       "      <td>0.0000</td>\n",
       "      <td>0.2400</td>\n",
       "    </tr>\n",
       "    <tr>\n",
       "      <th>15</th>\n",
       "      <td>0.400000</td>\n",
       "      <td>1</td>\n",
       "      <td>1</td>\n",
       "      <td>1.00</td>\n",
       "      <td>1.00</td>\n",
       "      <td>0</td>\n",
       "      <td>0.01</td>\n",
       "      <td>1</td>\n",
       "      <td>1.00</td>\n",
       "      <td>0.04</td>\n",
       "      <td>...</td>\n",
       "      <td>0.0100</td>\n",
       "      <td>1.000</td>\n",
       "      <td>1.0000</td>\n",
       "      <td>0.0400</td>\n",
       "      <td>1.0000</td>\n",
       "      <td>0.000</td>\n",
       "      <td>0.0400</td>\n",
       "      <td>1.000</td>\n",
       "      <td>1.0000</td>\n",
       "      <td>0.7600</td>\n",
       "    </tr>\n",
       "    <tr>\n",
       "      <th>16</th>\n",
       "      <td>0.641026</td>\n",
       "      <td>1</td>\n",
       "      <td>1</td>\n",
       "      <td>0.09</td>\n",
       "      <td>0.33</td>\n",
       "      <td>0</td>\n",
       "      <td>0.69</td>\n",
       "      <td>1</td>\n",
       "      <td>0.33</td>\n",
       "      <td>1.00</td>\n",
       "      <td>...</td>\n",
       "      <td>0.3708</td>\n",
       "      <td>0.160</td>\n",
       "      <td>0.6156</td>\n",
       "      <td>0.1600</td>\n",
       "      <td>0.4524</td>\n",
       "      <td>0.840</td>\n",
       "      <td>0.1600</td>\n",
       "      <td>0.160</td>\n",
       "      <td>0.7788</td>\n",
       "      <td>0.3504</td>\n",
       "    </tr>\n",
       "    <tr>\n",
       "      <th>17</th>\n",
       "      <td>0.358974</td>\n",
       "      <td>1</td>\n",
       "      <td>1</td>\n",
       "      <td>0.09</td>\n",
       "      <td>0.33</td>\n",
       "      <td>0</td>\n",
       "      <td>0.69</td>\n",
       "      <td>1</td>\n",
       "      <td>0.33</td>\n",
       "      <td>1.00</td>\n",
       "      <td>...</td>\n",
       "      <td>0.6900</td>\n",
       "      <td>1.000</td>\n",
       "      <td>0.3300</td>\n",
       "      <td>1.0000</td>\n",
       "      <td>0.5700</td>\n",
       "      <td>0.000</td>\n",
       "      <td>1.0000</td>\n",
       "      <td>1.000</td>\n",
       "      <td>0.0900</td>\n",
       "      <td>0.7200</td>\n",
       "    </tr>\n",
       "  </tbody>\n",
       "</table>\n",
       "<p>18 rows × 31 columns</p>\n",
       "</div>"
      ],
      "text/plain": [
       "         bit  TrRi  RiTr   Plu  Ttra  Ttrb    Tr  MeTr  MoTr  RiRi  ...  \\\n",
       "0   0.568182     1     1  1.00  0.79     0  0.18     1  0.79  0.00  ...   \n",
       "1   0.431818     1     1  1.00  0.79     0  0.18     1  0.79  0.00  ...   \n",
       "2   0.672646     1     1  0.68  1.00     0  0.01     1  1.00  0.33  ...   \n",
       "3   0.327354     1     1  0.68  1.00     0  0.01     1  1.00  0.33  ...   \n",
       "4   0.750000     1     1  0.00  1.00     0  0.04     1  1.00  1.00  ...   \n",
       "5   0.250000     1     1  0.00  1.00     0  0.04     1  1.00  1.00  ...   \n",
       "6   0.626305     1     1  0.20  0.04     0  1.00     1  0.04  0.82  ...   \n",
       "7   0.373695     1     1  0.20  0.04     0  1.00     1  0.04  0.82  ...   \n",
       "8   0.625000     1     1  0.00  0.14     0  0.90     1  0.14  1.00  ...   \n",
       "9   0.375000     1     1  0.00  0.14     0  0.90     1  0.14  1.00  ...   \n",
       "10  0.750000     1     1  0.01  1.00     0  0.01     1  1.00  1.00  ...   \n",
       "11  0.250000     1     1  0.01  1.00     0  0.01     1  1.00  1.00  ...   \n",
       "12  0.717703     1     1  0.42  1.00     0  0.04     1  1.00  0.59  ...   \n",
       "13  0.282297     1     1  0.42  1.00     0  0.04     1  1.00  0.59  ...   \n",
       "14  0.600000     1     1  1.00  1.00     0  0.01     1  1.00  0.04  ...   \n",
       "15  0.400000     1     1  1.00  1.00     0  0.01     1  1.00  0.04  ...   \n",
       "16  0.641026     1     1  0.09  0.33     0  0.69     1  0.33  1.00  ...   \n",
       "17  0.358974     1     1  0.09  0.33     0  0.69     1  0.33  1.00  ...   \n",
       "\n",
       "        Tr   MeTr    MoTr    RiRi    MoFo   Mmof    MoRi   MeRi      Ri  \\\n",
       "0   0.9096 -0.140  0.1288  1.1400  0.1288  1.140  1.1400 -0.140 -0.1400   \n",
       "1   0.1800  1.000  0.7900  0.0000  0.7900  0.000  0.0000  1.000  1.0000   \n",
       "2   0.7254  0.270  0.2700  0.5782  0.4264  0.730  0.5782  0.270  0.4172   \n",
       "3   0.0100  1.000  1.0000  0.3300  0.6600  0.000  0.3300  1.000  0.6800   \n",
       "4   0.5000  0.500  0.5000  0.5000  0.5000  0.500  0.5000  0.500  0.5000   \n",
       "5   0.0400  1.000  1.0000  1.0000  0.0400  0.000  1.0000  1.000  0.0000   \n",
       "6   0.1050  0.105  0.8634  0.2472  0.3025  0.895  0.2472  0.105  0.7370   \n",
       "7   1.0000  1.000  0.0400  0.8200  0.7500  0.000  0.8200  1.000  0.2000   \n",
       "8   0.1800  0.100  0.7880  0.1000  0.1800  0.900  0.1000  0.100  0.9000   \n",
       "9   0.9000  1.000  0.1400  1.0000  0.9000  0.000  1.0000  1.000  0.0000   \n",
       "10  0.5000  0.500  0.5000  0.5000  0.5000  0.500  0.5000  0.500  0.5000   \n",
       "11  0.0100  1.000  1.0000  1.0000  0.0100  0.000  1.0000  1.000  0.0100   \n",
       "12  0.5828  0.410  0.4100  0.4838  0.5216  0.590  0.4838  0.410  0.5144   \n",
       "13  0.0400  1.000  1.0000  0.5900  0.3800  0.000  0.5900  1.000  0.4200   \n",
       "14  0.9900  0.000  0.0000  0.9600  0.0000  1.000  0.9600  0.000  0.0000   \n",
       "15  0.0100  1.000  1.0000  0.0400  1.0000  0.000  0.0400  1.000  1.0000   \n",
       "16  0.3708  0.160  0.6156  0.1600  0.4524  0.840  0.1600  0.160  0.7788   \n",
       "17  0.6900  1.000  0.3300  1.0000  0.5700  0.000  1.0000  1.000  0.0900   \n",
       "\n",
       "      Comp  \n",
       "0   0.1928  \n",
       "1   0.7400  \n",
       "2   0.4126  \n",
       "3   0.6900  \n",
       "4   0.5000  \n",
       "5   0.8600  \n",
       "6   0.2946  \n",
       "7   0.7600  \n",
       "8   0.2520  \n",
       "9   0.8100  \n",
       "10  0.5000  \n",
       "11  0.8700  \n",
       "12  0.4658  \n",
       "13  0.6900  \n",
       "14  0.2400  \n",
       "15  0.7600  \n",
       "16  0.3504  \n",
       "17  0.7200  \n",
       "\n",
       "[18 rows x 31 columns]"
      ]
     },
     "execution_count": 159,
     "metadata": {},
     "output_type": "execute_result"
    }
   ],
   "source": [
    "# concat the two dataframe on columns\n",
    "df = pd.concat([df_input, df_target], axis=1)\n",
    "df"
   ]
  },
  {
   "cell_type": "code",
   "execution_count": 160,
   "metadata": {},
   "outputs": [
    {
     "data": {
      "text/plain": [
       "array([[0.        , 3.89331419, 1.74398314, 3.73206889, 3.0804659 ,\n",
       "        3.9229025 , 3.11245247, 3.66431076, 3.38572885, 3.77753194,\n",
       "        3.08336994, 3.93517623, 2.38667096, 3.65286499, 0.66773701,\n",
       "        4.05189455, 3.07190523, 3.60228429],\n",
       "       [3.89331419, 0.        , 2.49801861, 1.06259715, 2.77457018,\n",
       "        3.06634275, 3.15929838, 2.97519382, 3.30574821, 3.28085786,\n",
       "        2.77779403, 3.07217478, 2.3142476 , 1.82130631, 3.57976048,\n",
       "        0.57498904, 3.02947585, 2.96342812],\n",
       "       [1.74398314, 2.49801861, 0.        , 2.29936453, 1.66005624,\n",
       "        2.86388136, 2.3419825 , 2.77163606, 2.48711213, 2.93297529,\n",
       "        1.66417749, 2.87648822, 0.75991883, 2.30530767, 1.41536301,\n",
       "        2.65540331, 2.00430939, 2.63676104],\n",
       "       [3.73206889, 1.06259715, 2.29936453, 0.        , 2.19996123,\n",
       "        2.1165027 , 3.00391788, 2.74895389, 3.13976512, 2.88687896,\n",
       "        2.20307272, 2.12296577, 1.94590546, 0.83751429, 3.44745351,\n",
       "        0.99613122, 2.82075201, 2.43462519],\n",
       "       [3.0804659 , 2.77457018, 1.66005624, 2.19996123, 0.        ,\n",
       "        1.95007692, 2.26199994, 2.50068097, 2.23801631, 2.50535926,\n",
       "        0.04582576, 1.96198879, 0.95329676, 1.828482  , 2.87734252,\n",
       "        2.89466751, 1.67248306, 2.06719642],\n",
       "       [3.9229025 , 3.06634275, 2.86388136, 2.1165027 , 1.95007692,\n",
       "        0.        , 3.31983983, 2.61967565, 3.42056677, 2.4366832 ,\n",
       "        1.95061529, 0.06480741, 2.36244578, 1.29152742, 3.76694837,\n",
       "        3.09417194, 3.07936377, 1.81269838],\n",
       "       [3.11245247, 3.15929838, 2.3419825 , 3.00391788, 2.26199994,\n",
       "        3.31983983, 0.        , 2.94563284, 0.57466661, 3.09679533,\n",
       "        2.28318718, 3.3348485 , 2.14558023, 2.94509504, 3.14969509,\n",
       "        3.34867333, 0.80212956, 2.8981592 ],\n",
       "       [3.66431076, 2.97519382, 2.77163606, 2.74895389, 2.50068097,\n",
       "        2.61967565, 2.94563284, 0.        , 3.08449771, 0.63214057,\n",
       "        2.51986216, 2.65618156, 2.51524815, 2.49534641, 3.51983151,\n",
       "        3.28114187, 2.74744349, 0.88023673],\n",
       "       [3.38572885, 3.30574821, 2.48711213, 3.13976512, 2.23801631,\n",
       "        3.42056677, 0.57466661, 3.08449771, 0.        , 3.21721494,\n",
       "        2.26164033, 3.43535107, 2.23163401, 3.07447192, 3.3492323 ,\n",
       "        3.48052826, 0.69833243, 3.02708137],\n",
       "       [3.77753194, 3.28085786, 2.93297529, 2.88687896, 2.50535926,\n",
       "        2.4366832 , 3.09679533, 0.63214057, 3.21721494, 0.        ,\n",
       "        2.52648471, 2.47992439, 2.63986008, 2.52859524, 3.65554715,\n",
       "        3.50066065, 2.88481365, 0.70658108],\n",
       "       [3.08336994, 2.77779403, 1.66417749, 2.20307272, 0.04582576,\n",
       "        1.95061529, 2.28318718, 2.51986216, 2.26164033, 2.52648471,\n",
       "        0.        , 1.96145354, 0.95805778, 1.83096871, 2.8807985 ,\n",
       "        2.89810283, 1.6939007 , 2.08456256],\n",
       "       [3.93517623, 3.07217478, 2.87648822, 2.12296577, 1.96198879,\n",
       "        0.06480741, 3.3348485 , 2.65618156, 3.43535107, 2.47992439,\n",
       "        1.96145354, 0.        , 2.37510464, 1.29855422, 3.77874318,\n",
       "        3.10059672, 3.0952081 , 1.85204628],\n",
       "       [2.38667096, 2.3142476 , 0.75991883, 1.94590546, 0.95329676,\n",
       "        2.36244578, 2.14558023, 2.51524815, 2.23163401, 2.63986008,\n",
       "        0.95805778, 2.37510464, 0.        , 1.83839784, 2.12091153,\n",
       "        2.46227274, 1.67011365, 2.26119308],\n",
       "       [3.65286499, 1.82130631, 2.30530767, 0.83751429, 1.828482  ,\n",
       "        1.29152742, 2.94509504, 2.49534641, 3.07447192, 2.52859524,\n",
       "        1.83096871, 1.29855422, 1.83839784, 0.        , 3.41246764,\n",
       "        1.83026066, 2.72513975, 1.95665006],\n",
       "       [0.66773701, 3.57976048, 1.41536301, 3.44745351, 2.87734252,\n",
       "        3.76694837, 3.14969509, 3.51983151, 3.3492323 , 3.65554715,\n",
       "        2.8807985 , 3.77874318, 2.12091153, 3.41246764, 0.        ,\n",
       "        3.73679007, 3.00875909, 3.46218043],\n",
       "       [4.05189455, 0.57498904, 2.65540331, 0.99613122, 2.89466751,\n",
       "        3.09417194, 3.34867333, 3.28114187, 3.48052826, 3.50066065,\n",
       "        2.89810283, 3.10059672, 2.46227274, 1.83026066, 3.73679007,\n",
       "        0.        , 3.21835261, 3.1770872 ],\n",
       "       [3.07190523, 3.02947585, 2.00430939, 2.82075201, 1.67248306,\n",
       "        3.07936377, 0.80212956, 2.74744349, 0.69833243, 2.88481365,\n",
       "        1.6939007 , 3.0952081 , 1.67011365, 2.72513975, 3.00875909,\n",
       "        3.21835261, 0.        , 2.66246147],\n",
       "       [3.60228429, 2.96342812, 2.63676104, 2.43462519, 2.06719642,\n",
       "        1.81269838, 2.8981592 , 0.88023673, 3.02708137, 0.70658108,\n",
       "        2.08456256, 1.85204628, 2.26119308, 1.95665006, 3.46218043,\n",
       "        3.1770872 , 2.66246147, 0.        ]])"
      ]
     },
     "execution_count": 160,
     "metadata": {},
     "output_type": "execute_result"
    }
   ],
   "source": [
    "# calculate shortest path that go through all the points in the dataset (TSP)\n",
    "# considering each row as a point in a 31-dimensional space\n",
    "# and using the euclidean distance as metric\n",
    "from scipy.spatial.distance import pdist, squareform\n",
    "\n",
    "# calculate the euclidean distance between each pair of points\n",
    "distance_matrix = squareform(pdist(df, metric='euclidean'))\n",
    "distance_matrix"
   ]
  },
  {
   "cell_type": "code",
   "execution_count": 161,
   "metadata": {},
   "outputs": [],
   "source": [
    "import networkx as nx"
   ]
  },
  {
   "cell_type": "code",
   "execution_count": 162,
   "metadata": {},
   "outputs": [],
   "source": [
    "# create a graph with weighted edges from the distance matrix\n",
    "G = nx.from_numpy_matrix(distance_matrix)"
   ]
  },
  {
   "cell_type": "code",
   "execution_count": 163,
   "metadata": {},
   "outputs": [
    {
     "data": {
      "text/plain": [
       "[7, 9, 17, 5, 11, 13, 3, 15, 1, 4, 10, 2, 14, 0, 12, 16, 8, 6]"
      ]
     },
     "execution_count": 163,
     "metadata": {},
     "output_type": "execute_result"
    }
   ],
   "source": [
    "tsp = nx.approximation.traveling_salesman_problem\n",
    "path = tsp(G, cycle=False)\n",
    "path"
   ]
  },
  {
   "cell_type": "code",
   "execution_count": 164,
   "metadata": {},
   "outputs": [
    {
     "data": {
      "text/plain": [
       "18.82087329502511"
      ]
     },
     "execution_count": 164,
     "metadata": {},
     "output_type": "execute_result"
    }
   ],
   "source": [
    "# calculate the length of the path\n",
    "path_length = 0\n",
    "for i in range(len(path) - 1):\n",
    "    path_length += distance_matrix[path[i], path[i+1]]\n",
    "path_length"
   ]
  },
  {
   "cell_type": "code",
   "execution_count": 165,
   "metadata": {},
   "outputs": [
    {
     "data": {
      "text/html": [
       "<div>\n",
       "<style scoped>\n",
       "    .dataframe tbody tr th:only-of-type {\n",
       "        vertical-align: middle;\n",
       "    }\n",
       "\n",
       "    .dataframe tbody tr th {\n",
       "        vertical-align: top;\n",
       "    }\n",
       "\n",
       "    .dataframe thead th {\n",
       "        text-align: right;\n",
       "    }\n",
       "</style>\n",
       "<table border=\"1\" class=\"dataframe\">\n",
       "  <thead>\n",
       "    <tr style=\"text-align: right;\">\n",
       "      <th></th>\n",
       "      <th>bit</th>\n",
       "      <th>TrRi</th>\n",
       "      <th>RiTr</th>\n",
       "      <th>Plu</th>\n",
       "      <th>Ttra</th>\n",
       "      <th>Ttrb</th>\n",
       "      <th>Tr</th>\n",
       "      <th>MeTr</th>\n",
       "      <th>MoTr</th>\n",
       "      <th>RiRi</th>\n",
       "      <th>...</th>\n",
       "      <th>Tr</th>\n",
       "      <th>MeTr</th>\n",
       "      <th>MoTr</th>\n",
       "      <th>RiRi</th>\n",
       "      <th>MoFo</th>\n",
       "      <th>Mmof</th>\n",
       "      <th>MoRi</th>\n",
       "      <th>MeRi</th>\n",
       "      <th>Ri</th>\n",
       "      <th>Comp</th>\n",
       "    </tr>\n",
       "  </thead>\n",
       "  <tbody>\n",
       "    <tr>\n",
       "      <th>0</th>\n",
       "      <td>0.001305</td>\n",
       "      <td>0.0</td>\n",
       "      <td>0.0</td>\n",
       "      <td>-0.20</td>\n",
       "      <td>0.10</td>\n",
       "      <td>0.0</td>\n",
       "      <td>-0.10</td>\n",
       "      <td>0.0</td>\n",
       "      <td>0.10</td>\n",
       "      <td>0.18</td>\n",
       "      <td>...</td>\n",
       "      <td>-0.1000</td>\n",
       "      <td>0.000</td>\n",
       "      <td>0.1000</td>\n",
       "      <td>0.1800</td>\n",
       "      <td>0.1500</td>\n",
       "      <td>0.000</td>\n",
       "      <td>0.1800</td>\n",
       "      <td>0.000</td>\n",
       "      <td>-0.2000</td>\n",
       "      <td>0.0500</td>\n",
       "    </tr>\n",
       "    <tr>\n",
       "      <th>1</th>\n",
       "      <td>-0.016026</td>\n",
       "      <td>0.0</td>\n",
       "      <td>0.0</td>\n",
       "      <td>0.09</td>\n",
       "      <td>0.19</td>\n",
       "      <td>0.0</td>\n",
       "      <td>-0.21</td>\n",
       "      <td>0.0</td>\n",
       "      <td>0.19</td>\n",
       "      <td>0.00</td>\n",
       "      <td>...</td>\n",
       "      <td>-0.2100</td>\n",
       "      <td>0.000</td>\n",
       "      <td>0.1900</td>\n",
       "      <td>0.0000</td>\n",
       "      <td>-0.3300</td>\n",
       "      <td>0.000</td>\n",
       "      <td>0.0000</td>\n",
       "      <td>0.000</td>\n",
       "      <td>0.0900</td>\n",
       "      <td>-0.0900</td>\n",
       "    </tr>\n",
       "    <tr>\n",
       "      <th>2</th>\n",
       "      <td>-0.108974</td>\n",
       "      <td>0.0</td>\n",
       "      <td>0.0</td>\n",
       "      <td>-0.09</td>\n",
       "      <td>0.67</td>\n",
       "      <td>0.0</td>\n",
       "      <td>-0.65</td>\n",
       "      <td>0.0</td>\n",
       "      <td>0.67</td>\n",
       "      <td>0.00</td>\n",
       "      <td>...</td>\n",
       "      <td>-0.6500</td>\n",
       "      <td>0.000</td>\n",
       "      <td>0.6700</td>\n",
       "      <td>0.0000</td>\n",
       "      <td>-0.5300</td>\n",
       "      <td>0.000</td>\n",
       "      <td>0.0000</td>\n",
       "      <td>0.000</td>\n",
       "      <td>-0.0900</td>\n",
       "      <td>0.1400</td>\n",
       "    </tr>\n",
       "    <tr>\n",
       "      <th>3</th>\n",
       "      <td>0.000000</td>\n",
       "      <td>0.0</td>\n",
       "      <td>0.0</td>\n",
       "      <td>0.01</td>\n",
       "      <td>0.00</td>\n",
       "      <td>0.0</td>\n",
       "      <td>-0.03</td>\n",
       "      <td>0.0</td>\n",
       "      <td>0.00</td>\n",
       "      <td>0.00</td>\n",
       "      <td>...</td>\n",
       "      <td>-0.0300</td>\n",
       "      <td>0.000</td>\n",
       "      <td>0.0000</td>\n",
       "      <td>0.0000</td>\n",
       "      <td>-0.0300</td>\n",
       "      <td>0.000</td>\n",
       "      <td>0.0000</td>\n",
       "      <td>0.000</td>\n",
       "      <td>0.0100</td>\n",
       "      <td>0.0100</td>\n",
       "    </tr>\n",
       "    <tr>\n",
       "      <th>4</th>\n",
       "      <td>0.032297</td>\n",
       "      <td>0.0</td>\n",
       "      <td>0.0</td>\n",
       "      <td>0.41</td>\n",
       "      <td>0.00</td>\n",
       "      <td>0.0</td>\n",
       "      <td>0.03</td>\n",
       "      <td>0.0</td>\n",
       "      <td>0.00</td>\n",
       "      <td>-0.41</td>\n",
       "      <td>...</td>\n",
       "      <td>0.0300</td>\n",
       "      <td>0.000</td>\n",
       "      <td>0.0000</td>\n",
       "      <td>-0.4100</td>\n",
       "      <td>0.3700</td>\n",
       "      <td>0.000</td>\n",
       "      <td>-0.4100</td>\n",
       "      <td>0.000</td>\n",
       "      <td>0.4100</td>\n",
       "      <td>-0.1800</td>\n",
       "    </tr>\n",
       "    <tr>\n",
       "      <th>5</th>\n",
       "      <td>0.045058</td>\n",
       "      <td>0.0</td>\n",
       "      <td>0.0</td>\n",
       "      <td>0.26</td>\n",
       "      <td>0.00</td>\n",
       "      <td>0.0</td>\n",
       "      <td>-0.03</td>\n",
       "      <td>0.0</td>\n",
       "      <td>0.00</td>\n",
       "      <td>-0.26</td>\n",
       "      <td>...</td>\n",
       "      <td>-0.0300</td>\n",
       "      <td>0.000</td>\n",
       "      <td>0.0000</td>\n",
       "      <td>-0.2600</td>\n",
       "      <td>0.2800</td>\n",
       "      <td>0.000</td>\n",
       "      <td>-0.2600</td>\n",
       "      <td>0.000</td>\n",
       "      <td>0.2600</td>\n",
       "      <td>0.0000</td>\n",
       "    </tr>\n",
       "    <tr>\n",
       "      <th>6</th>\n",
       "      <td>0.072646</td>\n",
       "      <td>0.0</td>\n",
       "      <td>0.0</td>\n",
       "      <td>0.32</td>\n",
       "      <td>0.00</td>\n",
       "      <td>0.0</td>\n",
       "      <td>0.00</td>\n",
       "      <td>0.0</td>\n",
       "      <td>0.00</td>\n",
       "      <td>-0.29</td>\n",
       "      <td>...</td>\n",
       "      <td>0.0000</td>\n",
       "      <td>0.000</td>\n",
       "      <td>0.0000</td>\n",
       "      <td>-0.2900</td>\n",
       "      <td>0.3400</td>\n",
       "      <td>0.000</td>\n",
       "      <td>-0.2900</td>\n",
       "      <td>0.000</td>\n",
       "      <td>0.3200</td>\n",
       "      <td>0.0700</td>\n",
       "    </tr>\n",
       "    <tr>\n",
       "      <th>7</th>\n",
       "      <td>0.031818</td>\n",
       "      <td>0.0</td>\n",
       "      <td>0.0</td>\n",
       "      <td>0.00</td>\n",
       "      <td>-0.21</td>\n",
       "      <td>0.0</td>\n",
       "      <td>0.17</td>\n",
       "      <td>0.0</td>\n",
       "      <td>-0.21</td>\n",
       "      <td>-0.04</td>\n",
       "      <td>...</td>\n",
       "      <td>0.1700</td>\n",
       "      <td>0.000</td>\n",
       "      <td>-0.2100</td>\n",
       "      <td>-0.0400</td>\n",
       "      <td>-0.2100</td>\n",
       "      <td>0.000</td>\n",
       "      <td>-0.0400</td>\n",
       "      <td>0.000</td>\n",
       "      <td>0.0000</td>\n",
       "      <td>-0.0200</td>\n",
       "    </tr>\n",
       "    <tr>\n",
       "      <th>8</th>\n",
       "      <td>0.318182</td>\n",
       "      <td>0.0</td>\n",
       "      <td>0.0</td>\n",
       "      <td>-1.00</td>\n",
       "      <td>0.21</td>\n",
       "      <td>0.0</td>\n",
       "      <td>-0.14</td>\n",
       "      <td>0.0</td>\n",
       "      <td>0.21</td>\n",
       "      <td>1.00</td>\n",
       "      <td>...</td>\n",
       "      <td>0.3200</td>\n",
       "      <td>-0.500</td>\n",
       "      <td>-0.2900</td>\n",
       "      <td>0.5000</td>\n",
       "      <td>-0.2900</td>\n",
       "      <td>0.500</td>\n",
       "      <td>0.5000</td>\n",
       "      <td>-0.500</td>\n",
       "      <td>-0.5000</td>\n",
       "      <td>-0.2400</td>\n",
       "    </tr>\n",
       "    <tr>\n",
       "      <th>9</th>\n",
       "      <td>0.000000</td>\n",
       "      <td>0.0</td>\n",
       "      <td>0.0</td>\n",
       "      <td>0.01</td>\n",
       "      <td>0.00</td>\n",
       "      <td>0.0</td>\n",
       "      <td>-0.03</td>\n",
       "      <td>0.0</td>\n",
       "      <td>0.00</td>\n",
       "      <td>0.00</td>\n",
       "      <td>...</td>\n",
       "      <td>0.0000</td>\n",
       "      <td>0.000</td>\n",
       "      <td>0.0000</td>\n",
       "      <td>0.0000</td>\n",
       "      <td>0.0000</td>\n",
       "      <td>0.000</td>\n",
       "      <td>0.0000</td>\n",
       "      <td>0.000</td>\n",
       "      <td>0.0000</td>\n",
       "      <td>0.0000</td>\n",
       "    </tr>\n",
       "    <tr>\n",
       "      <th>10</th>\n",
       "      <td>-0.077354</td>\n",
       "      <td>0.0</td>\n",
       "      <td>0.0</td>\n",
       "      <td>0.67</td>\n",
       "      <td>0.00</td>\n",
       "      <td>0.0</td>\n",
       "      <td>0.00</td>\n",
       "      <td>0.0</td>\n",
       "      <td>0.00</td>\n",
       "      <td>-0.67</td>\n",
       "      <td>...</td>\n",
       "      <td>0.2254</td>\n",
       "      <td>-0.230</td>\n",
       "      <td>-0.2300</td>\n",
       "      <td>0.0782</td>\n",
       "      <td>-0.0736</td>\n",
       "      <td>0.230</td>\n",
       "      <td>0.0782</td>\n",
       "      <td>-0.230</td>\n",
       "      <td>-0.0828</td>\n",
       "      <td>-0.0874</td>\n",
       "    </tr>\n",
       "    <tr>\n",
       "      <th>11</th>\n",
       "      <td>-0.072646</td>\n",
       "      <td>0.0</td>\n",
       "      <td>0.0</td>\n",
       "      <td>0.32</td>\n",
       "      <td>0.00</td>\n",
       "      <td>0.0</td>\n",
       "      <td>0.00</td>\n",
       "      <td>0.0</td>\n",
       "      <td>0.00</td>\n",
       "      <td>-0.29</td>\n",
       "      <td>...</td>\n",
       "      <td>0.2646</td>\n",
       "      <td>-0.270</td>\n",
       "      <td>-0.2700</td>\n",
       "      <td>0.3818</td>\n",
       "      <td>-0.4264</td>\n",
       "      <td>0.270</td>\n",
       "      <td>0.3818</td>\n",
       "      <td>-0.270</td>\n",
       "      <td>-0.4172</td>\n",
       "      <td>-0.1726</td>\n",
       "    </tr>\n",
       "    <tr>\n",
       "      <th>12</th>\n",
       "      <td>-0.031818</td>\n",
       "      <td>0.0</td>\n",
       "      <td>0.0</td>\n",
       "      <td>0.00</td>\n",
       "      <td>-0.21</td>\n",
       "      <td>0.0</td>\n",
       "      <td>0.17</td>\n",
       "      <td>0.0</td>\n",
       "      <td>-0.21</td>\n",
       "      <td>-0.04</td>\n",
       "      <td>...</td>\n",
       "      <td>-0.0804</td>\n",
       "      <td>-0.140</td>\n",
       "      <td>0.1288</td>\n",
       "      <td>0.1800</td>\n",
       "      <td>0.1288</td>\n",
       "      <td>0.140</td>\n",
       "      <td>0.1800</td>\n",
       "      <td>-0.140</td>\n",
       "      <td>-0.1400</td>\n",
       "      <td>-0.0472</td>\n",
       "    </tr>\n",
       "    <tr>\n",
       "      <th>13</th>\n",
       "      <td>0.149522</td>\n",
       "      <td>0.0</td>\n",
       "      <td>0.0</td>\n",
       "      <td>-0.58</td>\n",
       "      <td>0.21</td>\n",
       "      <td>0.0</td>\n",
       "      <td>-0.14</td>\n",
       "      <td>0.0</td>\n",
       "      <td>0.21</td>\n",
       "      <td>0.59</td>\n",
       "      <td>...</td>\n",
       "      <td>-0.3268</td>\n",
       "      <td>0.550</td>\n",
       "      <td>0.2812</td>\n",
       "      <td>-0.6562</td>\n",
       "      <td>0.3928</td>\n",
       "      <td>-0.550</td>\n",
       "      <td>-0.6562</td>\n",
       "      <td>0.550</td>\n",
       "      <td>0.6544</td>\n",
       "      <td>0.2730</td>\n",
       "    </tr>\n",
       "    <tr>\n",
       "      <th>14</th>\n",
       "      <td>-0.076678</td>\n",
